# === Smoothness sweep (s1=3, 128x128, 3 seeds, 2000 samples) ===
# s0  steps  high_mean  high_std  mid_mean  mid_std  wall(s)
0	10	1.740070e+03	8.664599e-01	3.328023e+03	3.101720e+00	8.780162e-02
0	20	6.257466e+02	2.724388e-01	8.460822e+02	7.906442e-01	1.989214e-01
0	40	3.066788e+02	1.068676e-01	2.184007e+02	2.054309e-01	3.976450e-01
0	80	2.079634e+02	6.031404e-02	5.793455e+01	5.532083e-02	7.966340e-01
1	10	1.218950e+03	4.114782e-01	2.334826e+01	2.412089e-02	9.545016e-02
1	20	3.077246e+02	1.040834e-01	5.576874e+00	6.420332e-03	1.948734e-01
1	40	7.825288e+01	2.672378e-02	1.191179e+00	2.477370e-03	4.071368e-01
1	80	2.006286e+01	7.116555e-03	1.826209e-01	1.363428e-03	8.089136e-01
2	10	2.234919e-01	2.947103e-04	4.789149e-02	4.693885e-04	9.641782e-02
2	20	5.431049e-02	4.442367e-04	6.961405e-03	2.945425e-04	2.004130e-01
2	40	1.663745e-02	2.463476e-04	3.872581e-03	3.529742e-05	3.911547e-01
2	80	2.467205e-03	1.802259e-04	3.864584e-03	3.885795e-05	7.996759e-01
3	10	2.262360e-03	1.493644e-04	3.864292e-03	4.043121e-05	9.702984e-02
3	20	2.262652e-03	1.492554e-04	3.864358e-03	4.063944e-05	1.921887e-01
3	40	2.262661e-03	1.493710e-04	3.864376e-03	4.062118e-05	3.902133e-01
3	80	2.262757e-03	1.493564e-04	3.864374e-03	4.063164e-05	7.976165e-01

# === NFE/wall-clock to high-band err <= 5%% ===
# grid, white_steps, white_wall(s), match_steps, match_wall(s)
32	None	0.4149479071299235	None	0.020627419153849285
64	None	0.8326685428619385	3	0.00617369016011556
128	None	3.2270965576171875	3	0.021362781524658203

# === Wavenumber-dep vs scalar (white-noise prior, 128x128, 3 seeds) ===
# steps, lin_mean, lin_std, scalar_mean, scalar_std, wn_mean, wn_std
5	5.819069e+03	3.123587e+00	1.594694e+08	1.026461e+05	7.659378e+07	1.681699e+04
10	1.740070e+03	8.664599e-01	3.887720e+00	2.213241e-03	1.358772e+00	9.621618e-04
20	6.257466e+02	2.724388e-01	6.525589e-02	5.034576e-04	3.703693e-02	4.886202e-04
40	3.066788e+02	1.068676e-01	6.102451e-03	4.817712e-04	6.489880e-03	4.865779e-04
80	2.079634e+02	6.031404e-02	3.704441e-03	3.655337e-04	5.103510e-03	4.531074e-04
